1A04_1.ASA
GLU
Ca= (28.254, -11.002, 38.374)
GcSc= (24.9282, -10.7716, 39.0134)
FnAtom= (36.058, -7.977, 34.402)
SnAtom=(17.488, -8.442, 42.437)
Atom_3rd= (26.653, -13.652, 26.742)
Atom_4th= (20.492, -1.91, 45.162)
Atom_5th= (37.696, -9.499, 27.796)
Atom_6th= (39.725, -6.828, 29.588)
LEU
Ca= (34.475, -5.302, 14.555)
GcSc= (32.266, -3.8375, 14.806)
FnAtom= (37.108, -9.111, 17.3)
SnAtom=(36.432, 3.579, 13.992)
Atom_3rd= (36.796, 4.493, 17.696)
Atom_4th= (25.547, -2.325, 8.298)
Atom_5th= (37.696, -9.499, 27.796)
Atom_6th= (23.839, -7.7, 4.688)
THR
Ca= (37.108, -9.111, 17.3)
GcSc= (38.4873, -9.76933, 16.1037)
FnAtom= (34.475, -5.302, 14.555)
SnAtom=(37.696, -9.499, 27.796)
Atom_3rd= (39.725, -6.828, 29.588)
Atom_4th= (36.432, 3.579, 13.992)
Atom_5th= (36.796, 4.493, 17.696)
Atom_6th= (26.653, -13.652, 26.742)
SER
Ca= (37.696, -9.499, 27.796)
GcSc= (38.8985, -10.132, 26.457)
FnAtom= (39.725, -6.828, 29.588)
SnAtom=(36.058, -7.977, 34.402)
Atom_3rd= (37.108, -9.111, 17.3)
Atom_4th= (26.653, -13.652, 26.742)
Atom_5th= (28.254, -11.002, 38.374)
Atom_6th= (34.475, -5.302, 14.555)
MET
Ca= (39.725, -6.828, 29.588)
GcSc= (41.5493, -5.70625, 27.4443)
FnAtom= (37.696, -9.499, 27.796)
SnAtom=(36.058, -7.977, 34.402)
Atom_3rd= (37.108, -9.111, 17.3)
Atom_4th= (26.653, -13.652, 26.742)
Atom_5th= (28.254, -11.002, 38.374)
Atom_6th= (34.475, -5.302, 14.555)
PRO
Ca= (36.058, -7.977, 34.402)
GcSc= (37.6213, -7.13733, 35.0027)
FnAtom= (39.725, -6.828, 29.588)
SnAtom=(37.696, -9.499, 27.796)
Atom_3rd= (28.254, -11.002, 38.374)
Atom_4th= (26.653, -13.652, 26.742)
Atom_5th= (37.108, -9.111, 17.3)
Atom_6th= (20.492, -1.91, 45.162)
VAL
Ca= (26.653, -13.652, 26.742)
GcSc= (25.484, -12.7707, 28.0137)
FnAtom= (15.487, -14.857, 25.552)
SnAtom=(37.696, -9.499, 27.796)
Atom_3rd= (28.254, -11.002, 38.374)
Atom_4th= (36.058, -7.977, 34.402)
Atom_5th= (18.976, -14.79, 14.961)
Atom_6th= (37.108, -9.111, 17.3)
GLN
Ca= (18.976, -14.79, 14.961)
GcSc= (22.0346, -16.295, 14.9992)
FnAtom= (15.487, -14.857, 25.552)
SnAtom=(23.839, -7.7, 4.688)
Atom_3rd= (26.653, -13.652, 26.742)
Atom_4th= (9.427, -4.715, 19.197)
Atom_5th= (18.026, -2.771, 6.476)
Atom_6th= (25.547, -2.325, 8.298)
SER
Ca= (15.487, -14.857, 25.552)
GcSc= (16.416, -16.0985, 24.4635)
FnAtom= (10.107, -7.197, 25.353)
SnAtom=(18.976, -14.79, 14.961)
Atom_3rd= (26.653, -13.652, 26.742)
Atom_4th= (9.427, -4.715, 19.197)
Atom_5th= (5.131, -1.827, 27.674)
Atom_6th= (10.343, 2.325, 23.195)
ASN
Ca= (25.547, -2.325, 8.298)
GcSc= (26.9827, -0.3255, 8.71)
FnAtom= (20.704, -2.634, 3.756)
SnAtom=(23.839, -7.7, 4.688)
Atom_3rd= (18.026, -2.771, 6.476)
Atom_4th= (27.552, 6.455, 8.729)
Atom_5th= (34.475, -5.302, 14.555)
Atom_6th= (36.432, 3.579, 13.992)
PRO
Ca= (23.839, -7.7, 4.688)
GcSc= (25.0117, -8.97233, 5.359)
FnAtom= (20.704, -2.634, 3.756)
SnAtom=(25.547, -2.325, 8.298)
Atom_3rd= (18.026, -2.771, 6.476)
Atom_4th= (18.976, -14.79, 14.961)
Atom_5th= (34.475, -5.302, 14.555)
Atom_6th= (27.552, 6.455, 8.729)
MET
Ca= (20.704, -2.634, 3.756)
GcSc= (21.6418, -2.56175, 0.59475)
FnAtom= (18.026, -2.771, 6.476)
SnAtom=(23.839, -7.7, 4.688)
Atom_3rd= (25.547, -2.325, 8.298)
Atom_4th= (27.552, 6.455, 8.729)
Atom_5th= (18.976, -14.79, 14.961)
Atom_6th= (34.475, -5.302, 14.555)
ASN
Ca= (18.026, -2.771, 6.476)
GcSc= (17.607, -5.2065, 6.685)
FnAtom= (20.704, -2.634, 3.756)
SnAtom=(25.547, -2.325, 8.298)
Atom_3rd= (23.839, -7.7, 4.688)
Atom_4th= (27.552, 6.455, 8.729)
Atom_5th= (18.976, -14.79, 14.961)
Atom_6th= (9.427, -4.715, 19.197)
GLU
Ca= (9.427, -4.715, 19.197)
GcSc= (8.3196, -5.2436, 16.0488)
FnAtom= (10.107, -7.197, 25.353)
SnAtom=(10.343, 2.325, 23.195)
Atom_3rd= (5.131, -1.827, 27.674)
Atom_4th= (4.454, 2.707, 25.466)
Atom_5th= (15.487, -14.857, 25.552)
Atom_6th= (18.976, -14.79, 14.961)
SER
Ca= (10.107, -7.197, 25.353)
GcSc= (8.812, -7.744, 26.6425)
FnAtom= (9.427, -4.715, 19.197)
SnAtom=(5.131, -1.827, 27.674)
Atom_3rd= (15.487, -14.857, 25.552)
Atom_4th= (10.343, 2.325, 23.195)
Atom_5th= (4.454, 2.707, 25.466)
Atom_6th= (18.976, -14.79, 14.961)
SER
Ca= (27.552, 6.455, 8.729)
GcSc= (25.7285, 6.966, 8.53)
FnAtom= (25.547, -2.325, 8.298)
SnAtom=(36.432, 3.579, 13.992)
Atom_3rd= (20.704, -2.634, 3.756)
Atom_4th= (36.796, 4.493, 17.696)
Atom_5th= (18.026, -2.771, 6.476)
Atom_6th= (34.475, -5.302, 14.555)
ASP
Ca= (36.432, 3.579, 13.992)
GcSc= (35.8942, 5.7625, 12.8747)
FnAtom= (36.796, 4.493, 17.696)
SnAtom=(34.475, -5.302, 14.555)
Atom_3rd= (27.552, 6.455, 8.729)
Atom_4th= (37.108, -9.111, 17.3)
Atom_5th= (25.547, -2.325, 8.298)
Atom_6th= (39.725, -6.828, 29.588)
MET
Ca= (36.796, 4.493, 17.696)
GcSc= (34.38, 4.9155, 19.6322)
FnAtom= (36.432, 3.579, 13.992)
SnAtom=(34.475, -5.302, 14.555)
Atom_3rd= (27.552, 6.455, 8.729)
Atom_4th= (37.108, -9.111, 17.3)
Atom_5th= (25.547, -2.325, 8.298)
Atom_6th= (39.725, -6.828, 29.588)
SER
Ca= (23.255, 14.772, 25.765)
GcSc= (23.7915, 14.8435, 23.9395)
FnAtom= (22.221, 18.464, 22.359)
SnAtom=(15.315, 18.624, 22.434)
Atom_3rd= (17.988, 8.992, 36.098)
Atom_4th= (11.81, 14.958, 31.985)
Atom_5th= (9.897, 16.625, 19.825)
Atom_6th= (9.698, 13.053, 18.517)
ALA
Ca= (22.221, 18.464, 22.359)
GcSc= (23.545, 18.14, 21.721)
FnAtom= (23.255, 14.772, 25.765)
SnAtom=(15.315, 18.624, 22.434)
Atom_3rd= (9.897, 16.625, 19.825)
Atom_4th= (9.698, 13.053, 18.517)
Atom_5th= (11.81, 14.958, 31.985)
Atom_6th= (17.988, 8.992, 36.098)
PRO
Ca= (15.315, 18.624, 22.434)
GcSc= (16.9963, 19.4907, 22.3777)
FnAtom= (9.897, 16.625, 19.825)
SnAtom=(22.221, 18.464, 22.359)
Atom_3rd= (9.698, 13.053, 18.517)
Atom_4th= (23.255, 14.772, 25.765)
Atom_5th= (11.81, 14.958, 31.985)
Atom_6th= (8.214, 16.207, 35.243)
ALA
Ca= (9.897, 16.625, 19.825)
GcSc= (10.615, 17.432, 18.758)
FnAtom= (9.698, 13.053, 18.517)
SnAtom=(15.315, 18.624, 22.434)
Atom_3rd= (11.81, 14.958, 31.985)
Atom_4th= (22.221, 18.464, 22.359)
Atom_5th= (-1.162, 9.203, 25.522)
Atom_6th= (10.343, 2.325, 23.195)
SER
Ca= (9.698, 13.053, 18.517)
GcSc= (10.6635, 11.4295, 18.26)
FnAtom= (9.897, 16.625, 19.825)
SnAtom=(15.315, 18.624, 22.434)
Atom_3rd= (10.343, 2.325, 23.195)
Atom_4th= (-1.162, 9.203, 25.522)
Atom_5th= (4.454, 2.707, 25.466)
Atom_6th= (11.81, 14.958, 31.985)
GLU
Ca= (-1.162, 9.203, 25.522)
GcSc= (0.6274, 7.454, 23.2694)
FnAtom= (-1.415, 6.515, 31.276)
SnAtom=(4.454, 2.707, 25.466)
Atom_3rd= (-1.531, 2.293, 35.267)
Atom_4th= (5.131, -1.827, 27.674)
Atom_5th= (9.698, 13.053, 18.517)
Atom_6th= (10.343, 2.325, 23.195)
ASP
Ca= (-1.415, 6.515, 31.276)
GcSc= (-3.5035, 5.29675, 31.9698)
FnAtom= (-1.531, 2.293, 35.267)
SnAtom=(-1.162, 9.203, 25.522)
Atom_3rd= (4.454, 2.707, 25.466)
Atom_4th= (5.131, -1.827, 27.674)
Atom_5th= (5.964, 13.379, 36.436)
Atom_6th= (8.214, 16.207, 35.243)
GLN
Ca= (-1.531, 2.293, 35.267)
GcSc= (-1.2016, 1.9638, 31.9438)
FnAtom= (-1.415, 6.515, 31.276)
SnAtom=(5.131, -1.827, 27.674)
Atom_3rd= (4.454, 2.707, 25.466)
Atom_4th= (-1.162, 9.203, 25.522)
Atom_5th= (5.964, 13.379, 36.436)
Atom_6th= (8.333, 13.262, 39.409)
GLN
Ca= (17.988, 8.992, 36.098)
GcSc= (17.4382, 9.1106, 39.3858)
FnAtom= (11.81, 14.958, 31.985)
SnAtom=(8.333, 13.262, 39.409)
Atom_3rd= (8.214, 16.207, 35.243)
Atom_4th= (18.506, 1.302, 45.733)
Atom_5th= (5.964, 13.379, 36.436)
Atom_6th= (23.255, 14.772, 25.765)
ARG
Ca= (20.492, -1.91, 45.162)
GcSc= (23.8716, 0.435286, 46.6459)
FnAtom= (18.506, 1.302, 45.733)
SnAtom=(15.523, -6.137, 44.762)
Atom_3rd= (17.488, -8.442, 42.437)
Atom_4th= (28.254, -11.002, 38.374)
Atom_5th= (17.988, 8.992, 36.098)
Atom_6th= (36.058, -7.977, 34.402)
ARG
Ca= (18.506, 1.302, 45.733)
GcSc= (19.7713, 4.91543, 43.9703)
FnAtom= (20.492, -1.91, 45.162)
SnAtom=(15.523, -6.137, 44.762)
Atom_3rd= (17.488, -8.442, 42.437)
Atom_4th= (17.988, 8.992, 36.098)
Atom_5th= (8.333, 13.262, 39.409)
Atom_6th= (28.254, -11.002, 38.374)
ILE
Ca= (15.523, -6.137, 44.762)
GcSc= (13.8982, -4.859, 43.436)
FnAtom= (17.488, -8.442, 42.437)
SnAtom=(20.492, -1.91, 45.162)
Atom_3rd= (18.506, 1.302, 45.733)
Atom_4th= (28.254, -11.002, 38.374)
Atom_5th= (17.988, 8.992, 36.098)
Atom_6th= (10.107, -7.197, 25.353)
THR
Ca= (17.488, -8.442, 42.437)
GcSc= (16.924, -10.2997, 42.5317)
FnAtom= (15.523, -6.137, 44.762)
SnAtom=(20.492, -1.91, 45.162)
Atom_3rd= (18.506, 1.302, 45.733)
Atom_4th= (28.254, -11.002, 38.374)
Atom_5th= (15.487, -14.857, 25.552)
Atom_6th= (17.988, 8.992, 36.098)
LYS
Ca= (5.131, -1.827, 27.674)
GcSc= (3.8436, -5.0426, 27.1566)
FnAtom= (4.454, 2.707, 25.466)
SnAtom=(10.107, -7.197, 25.353)
Atom_3rd= (10.343, 2.325, 23.195)
Atom_4th= (9.427, -4.715, 19.197)
Atom_5th= (-1.531, 2.293, 35.267)
Atom_6th= (-1.415, 6.515, 31.276)
LYS
Ca= (4.454, 2.707, 25.466)
GcSc= (0.9522, 3.566, 25.8352)
FnAtom= (5.131, -1.827, 27.674)
SnAtom=(10.343, 2.325, 23.195)
Atom_3rd= (-1.162, 9.203, 25.522)
Atom_4th= (-1.415, 6.515, 31.276)
Atom_5th= (9.427, -4.715, 19.197)
Atom_6th= (10.107, -7.197, 25.353)
LYS
Ca= (10.343, 2.325, 23.195)
GcSc= (10.3166, 3.7386, 20.151)
FnAtom= (4.454, 2.707, 25.466)
SnAtom=(5.131, -1.827, 27.674)
Atom_3rd= (9.427, -4.715, 19.197)
Atom_4th= (10.107, -7.197, 25.353)
Atom_5th= (9.698, 13.053, 18.517)
Atom_6th= (-1.162, 9.203, 25.522)
HIS
Ca= (11.81, 14.958, 31.985)
GcSc= (14.0432, 17.063, 31.349)
FnAtom= (8.214, 16.207, 35.243)
SnAtom=(5.964, 13.379, 36.436)
Atom_3rd= (8.333, 13.262, 39.409)
Atom_4th= (17.988, 8.992, 36.098)
Atom_5th= (15.315, 18.624, 22.434)
Atom_6th= (9.897, 16.625, 19.825)
ARG
Ca= (8.214, 16.207, 35.243)
GcSc= (8.64914, 20.4934, 34.144)
FnAtom= (5.964, 13.379, 36.436)
SnAtom=(11.81, 14.958, 31.985)
Atom_3rd= (8.333, 13.262, 39.409)
Atom_4th= (17.988, 8.992, 36.098)
Atom_5th= (-1.415, 6.515, 31.276)
Atom_6th= (15.315, 18.624, 22.434)
ILE
Ca= (5.964, 13.379, 36.436)
GcSc= (6.34725, 11.2055, 35.5105)
FnAtom= (8.333, 13.262, 39.409)
SnAtom=(8.214, 16.207, 35.243)
Atom_3rd= (11.81, 14.958, 31.985)
Atom_4th= (-1.415, 6.515, 31.276)
Atom_5th= (17.988, 8.992, 36.098)
Atom_6th= (-1.531, 2.293, 35.267)
PHE
Ca= (8.333, 13.262, 39.409)
GcSc= (8.84714, 9.95157, 38.7309)
FnAtom= (5.964, 13.379, 36.436)
SnAtom=(8.214, 16.207, 35.243)
Atom_3rd= (11.81, 14.958, 31.985)
Atom_4th= (17.988, 8.992, 36.098)
Atom_5th= (-1.415, 6.515, 31.276)
Atom_6th= (-1.531, 2.293, 35.267)
